1,501,8
1,747,8
1,808,10
501,560,4
501,919,1
747,840,5
747,877,1
747,892,1
747,986,5
808,867,6
808,870,10
808,560,1
2,48,10
2,165,2
2,392,5
2,393,4
2,473,10
2,558,3
48,55,5
165,261,6
165,677,8
165,864,7
392,761,2
392,784,2
392,800,7
393,494,1
393,843,9
393,923,2
473,762,4
558,620,3
558,736,9
558,758,9
558,929,5
558,949,5
3,13,5
3,146,3
3,158,2
3,865,2
3,919,5
13,207,7
13,634,9
13,984,8
146,225,10
146,283,2
146,320,9
146,480,1
146,641,1
146,719,8
146,749,4
158,344,3
158,353,1
158,360,3
158,617,6
158,723,7
158,986,2
865,984,2
865,146,1
919,651,1
4,513,7
4,651,1
4,752,8
4,792,3
4,963,10
513,544,8
513,565,9
651,963,1
752,853,3
752,995,10
792,891,2
792,752,1
963,723,1
5,235,6
5,723,9
5,851,4
235,344,3
235,452,8
235,573,8
235,789,1
723,752,6
723,987,1
851,975,1
851,5,1
6,260,3
6,272,8
6,357,2
6,415,5
260,338,10
260,432,6
260,637,10
260,860,7
260,941,3
272,395,10
357,496,10
357,510,5
357,571,9
357,749,10
357,938,7
415,751,3
415,930,10
415,357,1
7,168,6
7,626,3
7,648,9
7,713,6
7,987,1
168,312,9
168,591,7
168,736,9
168,891,8
626,829,1
626,922,4
626,993,6
648,660,7
713,811,3
713,997,7
987,768,1
8,32,3
8,341,5
8,768,5
8,782,1
32,136,10
32,713,7
32,827,7
341,649,1
341,666,2
341,872,9
341,876,10
768,782,1
782,956,1
9,16,3
9,182,5
9,225,10
9,778,5
9,963,7
16,322,7
16,623,3
16,879,7
16,880,2
182,274,10
182,811,8
182,869,3
225,405,6
225,938,4
225,16,1
778,928,10
778,952,4
10,227,8
10,944,4
10,956,5
227,239,3
227,313,4
227,568,5
227,795,3
227,954,3
944,989,10
944,865,1
956,860,1
11,275,10
11,291,10
11,837,4
11,860,6
275,458,5
291,385,1
291,565,5
291,671,5
291,732,8
291,770,2
837,848,4
837,897,3
837,999,3
837,291,1
860,943,1
12,72,5
12,89,5
12,144,9
12,309,7
12,453,1
12,687,10
12,866,8
12,943,6
72,215,9
72,237,10
72,361,3
72,415,3
72,416,3
72,478,8
72,545,1
72,670,4
72,741,1
72,866,4
72,934,7
89,218,2
89,231,6
89,232,8
89,383,10
89,700,2
144,197,3
144,206,8
144,647,2
144,770,8
309,681,4
309,144,1
453,527,2
453,656,1
687,690,3
866,885,9
866,12,1
943,984,1
207,287,9
207,553,4
207,619,5
207,934,4
634,843,10
984,997,1
14,35,1
14,343,10
14,997,3
14,999,7
35,199,2
35,632,1
35,726,7
35,927,6
343,475,8
343,567,7
343,757,6
997,999,1
999,879,1
15,167,5
15,235,2
15,322,2
15,356,6
15,747,1
167,172,2
167,556,8
167,766,5
322,388,10
322,421,8
322,604,3
322,687,4
322,809,7
356,615,10
356,984,2
623,658,1
623,664,8
623,797,6
623,811,9
623,950,5
879,969,6
879,880,1
880,564,1
17,83,1
17,415,1
17,485,7
17,529,8
17,606,1
17,620,3
17,660,4
17,785,4
83,174,3
83,509,1
83,561,4
485,865,9
485,947,5
485,17,1
529,542,1
529,849,7
529,857,6
529,880,6
606,848,2
606,529,1
620,627,1
620,606,1
660,857,2
660,626,1
785,862,2
785,915,3
18,140,2
18,334,8
18,452,5
18,535,2
18,564,3
140,784,8
140,897,7
140,990,2
140,18,1
334,403,2
334,660,6
334,979,2
452,633,7
452,140,1
535,636,4
564,787,4
564,791,1
19,73,2
19,136,7
19,791,9
73,253,5
73,267,1
73,635,10
73,689,6
73,838,6
136,590,9
136,828,4
791,518,1
20,66,1
20,349,2
20,356,5
20,512,8
20,518,7
20,785,4
66,150,9
66,155,10
66,497,3
66,837,6
66,885,2
349,496,10
349,621,9
349,635,2
349,795,5
349,897,2
349,981,2
512,597,1
512,776,9
518,862,10
518,910,3
518,715,1
21,69,7
21,241,7
21,356,8
21,380,1
21,715,4
21,733,3
21,794,5
21,867,9
21,891,3
21,928,3
21,961,2
69,363,3
69,524,1
69,650,1
69,962,6
241,270,4
241,376,7
241,379,7
241,442,8
241,737,7
380,441,1
380,644,1
380,970,4
380,991,8
715,808,3
715,912,4
715,794,1
733,886,8
733,986,3
733,380,1
794,867,1
867,891,1
891,928,1
928,961,1
961,936,1
22,57,3
22,228,5
22,312,1
22,556,7
22,609,3
22,625,8
22,734,7
22,788,6
22,936,3
57,377,6
57,388,4
57,863,7
57,874,7
57,880,3
228,244,2
228,384,3
228,435,2
228,501,5
228,676,3
228,843,4
312,329,1
312,351,2
312,368,10
312,399,8
312,781,1
312,849,7
312,850,9
556,746,9
556,944,3
609,637,5
609,902,8
609,57,1
625,680,1
625,744,1
625,827,6
625,853,6
625,988,9
734,800,7
734,926,2
734,609,1
788,830,5
788,917,10
788,9,1
936,781,1
23,137,4
23,781,8
23,965,5
137,252,9
137,846,1
137,907,3
781,965,1
965,24,1
24,462,2
24,682,1
462,785,5
25,344,8
25,451,7
25,682,10
25,898,2
344,419,7
344,424,6
344,824,8
344,920,4
451,717,2
451,786,7
451,945,1
682,898,1
898,190,1
26,190,10
26,527,7
26,622,8
26,671,7
26,944,2
190,415,2
190,432,1
190,658,10
190,454,1
527,532,10
527,773,7
622,816,10
671,704,1
671,26,1
27,77,9
27,333,1
27,454,6
27,459,10
27,890,7
27,938,2
27,987,10
77,246,10
77,383,8
77,527,5
77,529,9
333,395,1
333,603,10
333,954,8
333,971,4
333,27,1
454,637,4
454,890,1
459,531,8
890,938,1
938,29,1
28,202,3
28,466,1
28,694,6
202,415,9
202,571,6
202,590,2
202,637,6
202,688,4
202,723,2
202,856,3
202,887,8
466,514,1
466,542,2
466,621,3
466,697,8
694,722,8
694,997,7
29,312,6
29,535,3
29,925,1
30,94,1
30,98,7
30,192,2
30,530,6
30,723,3
94,112,1
94,233,6
94,243,5
94,271,10
94,317,5
94,530,2
94,538,8
94,593,4
94,787,7
94,985,2
98,492,7
98,589,4
98,30,1
192,208,8
192,259,1
192,295,2
192,384,9
192,669,5
192,923,10
530,616,10
530,632,6
530,708,1
530,718,10
530,834,3
530,935,2
31,199,4
31,225,3
31,553,9
31,603,1
31,840,8
31,925,9
31,961,8
199,855,5
199,634,1
553,877,7
553,894,3
553,530,1
603,695,10
603,717,2
603,763,10
840,867,1
840,11,1
925,827,1
827,979,1
33,327,5
33,355,1
33,541,1
33,629,7
33,731,7
33,762,2
33,979,9
327,340,8
327,474,6
327,522,10
327,695,3
327,750,10
327,761,9
327,814,3
327,924,6
327,935,2
355,383,5
355,546,1
355,809,9
541,552,5
541,616,1
541,778,5
541,785,6
541,830,6
541,870,10
629,718,7
629,775,3
629,989,10
629,541,1
731,855,2
731,949,3
731,629,1
762,938,2
762,393,1
979,204,1
34,142,3
34,193,10
34,204,10
34,371,9
34,375,8
34,658,8
34,738,7
142,144,7
142,176,7
142,218,4
142,355,6
142,619,5
142,690,3
142,695,1
142,814,9
142,826,1
193,477,6
193,503,5
193,753,10
204,356,3
204,632,1
371,505,4
371,697,8
371,811,2
371,904,10
371,996,3
375,672,1
375,937,6
375,371,1
658,813,6
658,894,2
738,962,9
738,375,1
632,763,2
632,726,1
726,927,1
927,846,1
36,162,8
162,180,3
162,780,6
162,900,2
162,935,5
37,119,2
37,136,8
37,250,6
37,254,9
37,636,3
37,722,1
37,846,4
119,164,3
119,389,10
119,516,1
119,714,3
119,826,5
119,980,4
250,298,10
250,943,8
254,578,3
254,770,4
254,250,1
636,980,8
636,452,1
722,840,7
722,851,6
846,824,1
38,433,3
38,737,8
38,824,4
38,839,8
433,882,7
433,903,1
433,254,1
737,828,10
737,961,5
824,910,3
824,839,1
839,984,9
839,894,1
39,129,4
39,180,3
39,556,8
39,894,8
39,984,5
129,135,7
129,588,2
129,757,7
180,335,2
180,825,6
894,818,1
40,455,1
455,542,6
455,672,9
455,679,6
41,173,1
41,356,7
41,362,2
41,685,3
41,717,4
41,818,7
41,913,6
41,927,5
173,287,6
173,996,1
173,999,10
173,41,1
362,578,5
362,593,5
362,831,8
685,704,4
685,881,2
717,792,7
717,826,5
717,23,1
818,913,1
913,702,1
42,321,5
42,425,1
42,520,8
42,542,1
42,590,9
42,702,5
42,967,1
321,358,8
321,582,8
321,625,5
321,669,2
425,535,2
425,630,9
425,640,1
425,801,6
425,879,6
425,903,2
520,729,6
520,932,7
520,425,1
542,619,2
590,673,2
590,725,7
590,825,5
590,953,3
702,758,5
702,986,1
967,976,8
967,520,1
43,131,4
43,212,7
43,309,7
43,343,9
43,552,8
43,986,1
131,810,7
131,43,1
212,348,4
212,508,8
212,708,6
212,824,5
552,735,3
986,348,1
44,279,7
44,315,4
44,619,7
279,460,7
279,646,3
315,349,9
315,725,2
315,780,1
619,650,2
619,965,7
619,995,9
619,485,1
45,179,1
45,247,7
45,348,2
45,523,5
45,618,9
45,711,1
45,860,2
179,345,9
179,467,3
179,582,5
179,930,4
179,963,7
247,355,2
247,659,8
247,45,1
348,377,10
348,970,8
348,618,1
523,687,5
523,998,4
618,711,1
711,490,1
46,548,1
46,610,4
548,671,10
548,799,2
548,247,1
610,664,6
610,683,10
610,945,6
47,441,4
47,490,3
47,550,4
47,564,7
47,831,1
441,661,7
441,976,4
490,568,6
490,323,1
550,556,4
550,634,2
550,916,5
550,46,1
831,842,4
831,47,1
55,737,8
55,753,6
55,819,4
55,2,1
49,230,8
49,323,5
49,335,6
49,713,8
230,237,9
230,625,6
230,656,10
230,842,6
230,935,3
230,831,1
323,508,2
323,568,9
323,880,3
323,728,1
335,397,3
335,448,5
335,451,9
335,612,10
335,660,9
335,732,10
50,171,10
50,257,1
50,483,1
50,599,5
50,728,10
50,905,4
171,216,2
171,251,10
171,467,1
171,527,6
171,790,9
257,347,10
257,359,2
257,452,3
257,484,3
483,636,4
483,700,2
483,837,2
483,840,2
483,171,1
599,895,6
599,898,6
599,914,5
599,921,6
599,483,1
728,792,2
728,905,1
905,52,1
51,187,6
51,808,3
187,381,1
187,624,4
187,636,5
187,913,9
187,599,1
52,434,2
52,785,9
52,912,10
52,936,2
52,719,1
434,501,2
434,533,4
912,948,4
53,142,3
53,382,9
53,715,9
53,719,7
53,763,7
53,949,5
382,409,3
382,482,5
382,641,6
382,784,8
382,794,6
382,870,5
382,907,1
719,753,1
763,891,3
763,960,6
949,964,9
949,14,1
54,148,5
54,652,7
54,693,8
54,765,3
148,206,4
148,385,2
652,768,9
652,945,3
652,959,8
652,54,1
693,872,5
693,938,9
693,652,1
765,787,7
765,813,1
765,824,9
753,819,1
819,802,1
56,295,6
56,371,4
56,497,9
56,802,1
56,871,5
295,428,6
295,948,4
497,711,10
497,740,7
497,867,10
497,944,3
497,958,10
497,693,1
802,871,1
871,912,10
871,863,1
377,591,9
377,22,1
388,788,5
863,807,1
874,888,4
874,896,4
874,912,7
58,186,9
58,289,6
58,423,4
58,568,10
58,678,5
58,807,1
186,275,1
186,379,4
186,412,6
186,691,8
186,759,7
186,839,9
186,890,10
186,935,4
289,437,10
289,987,2
423,461,2
423,510,5
423,585,2
568,644,2
568,751,3
568,855,7
678,845,2
678,935,8
807,965,3
807,234,1
59,174,8
59,178,1
59,229,9
59,536,1
59,576,9
59,678,2
59,702,4
174,386,3
174,590,5
174,699,1
174,719,1
178,303,1
178,313,8
178,699,7
178,740,10
178,926,10
229,558,8
229,624,2
229,879,6
229,59,1
536,581,3
536,932,5
536,38,1
576,589,9
576,648,2
576,685,6
576,805,9
576,229,1
60,66,5
60,234,10
60,486,10
60,739,6
60,963,4
60,576,1
234,813,6
234,486,1
486,828,5
486,739,1
739,244,1
61,244,4
61,297,8
61,427,9
61,546,9
61,561,4
61,610,1
61,701,3
61,968,3
244,375,2
244,432,2
244,680,4
244,62,1
297,841,7
297,917,1
297,990,3
297,61,1
427,450,6
427,485,5
427,758,1
427,922,2
546,548,2
546,747,8
546,931,1
546,963,9
546,297,1
561,637,7
561,702,3
561,867,2
701,763,6
701,883,5
701,947,5
968,973,7
968,671,1
62,350,10
62,606,3
62,835,10
62,851,8
62,933,4
62,997,7
62,405,1
350,513,10
350,604,9
350,758,3
350,820,9
350,845,1
350,895,5
350,920,1
835,866,3
835,898,7
835,964,7
835,685,1
933,959,9
933,39,1
63,83,8
63,384,6
63,405,2
63,637,2
63,955,4
63,546,1
384,446,7
384,504,2
384,614,4
384,862,6
405,656,1
637,759,2
955,963,3
955,13,1
64,116,10
64,140,8
64,276,5
64,308,6
64,532,4
64,656,9
64,847,7
64,911,3
64,950,1
116,374,10
116,401,7
116,728,10
276,339,7
276,469,4
276,718,8
276,984,5
308,384,4
308,524,2
308,808,3
308,276,1
532,771,6
532,309,1
656,911,1
847,939,6
847,989,1
847,10,1
911,150,1
950,994,3
950,731,1
65,79,10
65,165,8
65,183,1
65,220,6
65,282,9
65,375,6
79,90,1
79,181,1
79,260,3
79,334,7
183,227,8
183,495,9
183,542,10
183,560,5
183,905,3
183,928,1
183,65,1
220,274,3
220,416,1
220,593,9
282,584,6
282,910,3
282,220,1
150,645,1
150,885,1
155,216,4
155,353,5
885,920,1
67,197,2
67,295,3
67,907,1
67,920,6
67,997,4
197,355,6
197,392,3
197,960,3
907,937,8
907,282,1
920,460,1
68,172,2
68,460,4
68,623,8
68,653,7
68,979,6
68,67,1
172,199,9
172,263,9
172,379,9
172,469,4
460,894,7
460,653,1
653,948,10
653,524,1
363,562,6
524,877,1
524,650,1
650,962,1
962,823,1
70,237,8
70,358,2
70,489,2
70,553,6
70,608,7
70,678,9
70,697,9
70,823,1
70,956,9
70,963,2
237,253,1
237,296,5
237,462,5
237,576,6
237,607,6
237,671,4
237,679,7
237,955,7
358,519,2
358,537,8
358,918,6
489,569,8
489,575,2
489,965,10
608,916,3
608,963,7
608,70,1
697,866,8
697,931,4
823,939,1
71,349,3
71,493,3
71,637,10
71,690,5
71,718,7
71,939,4
493,532,1
493,686,1
493,755,1
690,746,7
690,804,3
690,976,1
718,924,3
718,392,1
939,545,1
215,224,4
215,539,2
215,562,6
215,669,4
215,708,3
215,819,7
215,857,2
215,884,4
361,625,3
361,722,1
361,772,2
361,215,1
416,817,1
416,998,6
416,183,1
478,710,3
478,946,2
478,993,7
478,361,1
545,670,1
670,741,1
741,904,6
741,934,1
934,689,1
253,302,2
253,551,9
253,859,8
267,479,4
267,754,8
267,953,6
635,666,3
635,740,7
635,770,1
635,786,2
689,838,1
838,617,1
74,151,9
74,489,1
74,508,8
74,832,9
74,928,2
151,180,3
151,520,9
151,756,7
151,903,3
151,907,8
151,932,9
151,478,1
508,813,6
508,843,8
508,930,6
508,998,8
508,967,1
832,934,7
832,978,1
832,74,1
75,166,1
75,234,7
75,334,2
75,399,7
75,617,2
75,842,3
166,192,9
166,202,6
166,296,3
166,427,8
166,428,4
166,480,7
166,496,2
166,602,7
166,633,8
166,658,5
166,720,3
166,742,6
166,857,1
399,417,3
399,566,7
617,690,7
617,768,7
617,842,1
842,578,1
76,256,3
76,455,5
76,521,9
76,578,9
76,766,4
76,789,4
256,302,1
256,458,6
256,540,10
256,557,5
256,566,3
256,595,3
256,616,5
256,731,8
256,942,7
521,584,6
521,686,6
521,710,6
521,76,1
578,648,8
578,789,1
766,789,7
766,521,1
789,801,1
789,628,1
246,255,9
246,474,3
246,541,8
246,883,10
383,434,2
383,536,6
383,764,1
383,942,2
78,605,1
78,628,3
78,639,5
78,713,4
605,715,3
605,966,6
605,766,1
628,614,1
639,672,4
639,773,6
90,210,10
90,660,3
181,195,7
181,221,8
181,303,7
181,315,3
181,530,3
181,549,5
181,662,1
181,878,7
181,887,4
80,183,10
80,404,10
80,443,3
80,614,2
80,684,10
80,946,3
404,420,2
404,527,2
404,538,2
404,553,8
404,637,9
404,716,8
404,784,7
404,902,9
404,912,5
443,548,5
443,681,10
443,694,8
443,854,7
614,618,6
614,946,1
684,809,10
684,80,1
946,892,1
81,478,1
81,784,7
81,892,4
81,684,1
784,796,2
784,931,5
892,979,4
892,706,1
82,670,7
82,706,9
82,789,9
82,81,1
706,811,3
706,86,1
509,527,9
509,701,8
84,298,6
84,366,6
84,504,10
298,350,3
298,469,8
298,479,9
298,600,4
298,601,4
298,784,5
366,507,7
366,642,4
366,805,7
366,82,1
504,579,1
504,740,8
504,978,5
504,84,1
85,160,1
85,300,8
85,308,3
85,356,6
85,372,1
85,529,5
85,692,8
85,965,4
160,271,5
160,534,5
160,803,4
160,881,9
160,963,10
300,509,7
300,638,8
300,642,8
300,668,8
372,627,5
372,793,4
372,853,5
372,972,2
372,85,1
692,738,1
692,992,7
692,372,1
86,828,2
86,525,1
828,992,6
828,747,1
87,412,4
87,525,5
87,645,9
87,704,4
87,692,1
412,591,3
412,650,4
412,707,4
412,56,1
525,678,7
525,693,9
525,704,1
645,716,3
645,733,1
704,572,1
88,292,2
88,572,1
292,452,9
292,710,9
292,806,5
292,87,1
572,949,7
572,231,1
218,374,7
218,631,8
218,649,3
218,712,2
218,740,5
231,673,1
231,700,1
232,296,6
232,778,4
232,888,8
700,914,1
210,286,3
210,402,6
210,417,6
91,214,9
91,295,5
91,348,7
91,383,4
91,664,4
91,858,3
91,898,5
91,914,3
214,456,6
214,532,8
214,744,4
214,879,10
214,990,5
664,970,4
664,990,6
664,535,1
858,869,6
858,958,3
858,623,1
914,251,1
92,251,2
92,91,1
251,772,1
93,360,3
93,772,4
93,774,9
93,92,1
360,479,10
360,491,9
360,802,6
360,969,1
772,774,1
774,112,1
112,692,10
112,885,8
112,894,10
112,985,1
233,310,2
233,806,6
243,268,2
243,301,2
243,305,6
243,785,4
271,295,9
271,331,1
271,457,5
271,460,1
271,551,10
271,925,7
317,573,10
317,593,2
317,243,1
538,571,5
538,586,1
538,695,3
538,747,2
593,710,10
787,874,5
985,696,1
95,150,5
95,544,2
95,696,2
95,909,4
95,981,4
95,317,1
544,556,9
696,877,1
696,909,1
909,981,1
981,761,1
96,104,5
96,405,3
104,147,5
104,286,9
104,361,5
104,765,9
104,770,1
104,797,6
104,888,3
104,992,5
97,192,1
97,379,9
97,424,2
97,761,3
379,601,10
379,891,8
379,96,1
424,641,2
424,939,7
761,827,6
761,589,1
492,495,6
492,603,1
492,718,4
492,778,8
492,947,6
589,942,1
99,136,7
99,200,8
99,202,2
99,243,8
99,599,8
200,304,4
200,648,5
200,727,6
100,891,6
100,907,6
100,942,6
100,99,1
942,932,1
101,154,8
101,159,4
101,251,7
101,411,9
101,452,7
101,475,10
101,500,8
101,640,9
101,726,6
101,853,1
101,932,8
154,436,7
154,481,2
154,654,7
154,997,5
159,448,8
159,533,7
159,589,10
159,101,1
411,451,1
411,558,6
411,651,7
411,677,3
411,714,3
411,744,6
411,770,5
411,797,5
411,983,4
411,308,1
475,613,3
475,667,7
475,776,6
475,879,2
475,979,8
500,673,8
500,710,2
500,873,1
500,909,7
500,159,1
640,806,8
640,970,10
853,883,5
853,4,1
932,997,3
932,325,1
102,325,4
102,423,1
102,715,8
102,768,8
102,907,7
102,915,8
102,500,1
325,789,4
325,915,1
915,579,1
103,568,9
103,579,6
103,786,2
103,979,8
103,102,1
579,786,1
786,286,1
147,494,6
147,640,2
147,864,8
147,95,1
286,831,6
286,888,1
770,916,6
770,20,1
797,976,1
797,15,1
888,992,1
992,806,1
105,433,10
105,525,8
105,806,10
105,811,1
105,853,3
105,896,7
105,103,1
806,106,1
811,943,6
811,648,1
896,964,1
896,713,1
106,239,1
106,348,5
106,500,5
106,772,9
106,997,5
106,872,1
239,445,3
239,509,9
239,656,9
239,828,2
239,845,2
107,372,8
107,872,2
107,971,9
107,982,2
107,105,1
872,971,1
971,982,1
982,870,1
108,180,1
108,308,2
108,717,9
108,747,1
108,870,4
108,107,1
870,120,1
109,120,5
109,123,7
109,129,7
109,212,3
109,254,8
109,606,8
109,744,1
109,864,6
120,744,1
123,473,9
123,729,4
123,108,1
744,864,1
864,110,1
110,290,9
110,396,1
110,735,7
110,942,6
110,841,1
290,291,6
290,296,2
290,314,1
290,345,2
290,673,5
290,801,3
290,908,9
290,979,10
396,411,9
396,598,10
396,713,2
396,882,1
735,818,8
735,877,7
735,33,1
111,258,3
111,388,9
111,454,9
111,582,9
111,671,8
111,841,7
111,952,8
258,295,10
258,389,8
258,745,1
258,912,4
582,659,1
582,315,1
841,865,2
841,306,1
952,965,8
952,851,1
113,324,8
113,476,9
113,549,7
113,743,10
324,332,10
324,343,6
324,385,1
324,405,2
324,584,5
324,634,9
324,729,10
476,480,9
476,600,1
476,638,6
549,780,6
549,841,4
743,940,8
743,950,10
743,549,1
114,148,10
114,274,2
114,306,7
114,352,8
114,622,5
114,673,3
114,828,1
114,743,1
274,319,9
274,422,5
306,838,4
306,987,1
306,352,1
352,428,7
352,672,1
673,699,8
673,765,7
673,827,7
673,871,7
115,263,1
115,672,9
115,800,5
115,821,5
115,956,10
115,114,1
263,515,2
263,518,1
263,686,7
263,884,9
672,865,1
672,800,1
800,862,10
800,821,1
821,677,1
374,603,7
374,768,6
374,903,4
374,931,1
374,63,1
401,531,5
401,748,7
401,115,1
117,293,1
117,677,5
117,701,4
117,725,9
117,868,3
117,916,6
293,304,9
293,663,6
677,916,1
725,805,1
725,899,8
725,44,1
868,929,2
868,968,6
868,976,9
868,995,9
916,657,1
118,441,6
118,574,5
118,657,8
118,660,9
118,820,10
118,964,3
118,117,1
574,704,7
574,902,3
574,98,1
657,938,6
657,820,1
820,964,1
964,714,1
164,194,1
164,302,2
164,587,10
164,616,6
164,672,1
164,678,9
164,769,9
164,805,3
164,118,1
389,516,8
389,568,4
389,827,10
389,918,1
516,675,1
516,772,1
516,886,2
516,912,3
714,826,1
826,980,1
980,884,1
121,614,10
121,678,4
121,746,2
121,884,4
121,895,7
121,164,1
746,764,4
746,941,9
884,896,6
884,895,1
895,910,1
895,729,1
122,170,10
170,340,1
170,461,8
170,531,1
170,879,8
170,957,2
170,985,7
170,993,6
170,121,1
729,816,10
729,387,1
124,387,3
124,530,7
124,751,9
124,122,1
387,574,4
387,582,8
387,896,1
387,898,1
387,431,1
751,964,1
751,792,1
125,138,8
125,562,9
125,632,4
125,641,1
125,885,1
125,892,3
138,195,2
138,196,2
138,285,2
138,304,9
138,374,10
138,496,10
138,574,1
138,756,6
138,928,2
138,930,6
562,563,8
562,853,10
641,751,3
126,431,5
126,642,2
126,849,9
126,868,1
126,125,1
431,549,2
431,706,4
431,763,4
431,829,3
431,889,10
431,849,1
642,656,9
642,697,2
642,914,3
642,930,1
849,422,1
127,316,2
127,422,4
127,531,4
127,573,7
127,582,5
127,811,9
127,820,2
127,126,1
316,443,2
316,580,8
316,835,2
316,880,6
422,573,1
531,814,5
531,333,1
573,588,1
128,157,3
128,522,1
128,558,2
128,664,5
157,383,7
157,449,3
522,550,10
522,691,2
135,183,1
135,285,5
135,380,4
135,536,7
135,537,6
135,751,7
135,932,7
588,960,10
588,757,1
757,681,1
130,253,2
130,279,2
130,300,7
130,681,2
130,781,9
130,829,2
130,128,1
681,810,1
829,885,3
829,902,1
829,7,1
810,998,1
132,456,4
132,462,2
132,626,1
132,896,8
132,998,2
132,130,1
456,725,5
456,729,7
456,849,4
456,947,4
456,993,5
456,88,1
998,528,1
133,162,2
133,314,1
133,466,2
133,528,1
133,741,2
133,132,1
314,318,5
314,371,6
314,595,1
314,947,9
528,755,1
134,664,4
134,755,2
134,830,6
134,133,1
755,830,1
830,963,4
830,285,1
285,537,1
537,930,1
252,263,7
252,268,6
252,453,5
195,290,2
195,297,2
195,360,6
195,431,3
196,497,10
196,902,2
196,984,4
196,124,1
304,329,9
304,728,2
304,782,6
496,822,5
496,834,7
496,916,4
756,762,1
756,797,2
756,819,8
756,908,7
930,139,1
139,536,9
139,721,6
139,777,9
139,897,1
721,993,8
721,100,1
777,864,9
777,19,1
897,990,1
990,814,1
141,249,3
141,593,8
141,680,6
141,960,5
249,386,7
249,463,4
249,134,1
680,796,3
680,846,1
680,901,1
960,980,9
960,984,1
960,225,1
176,233,9
176,308,4
176,373,2
176,555,4
176,729,9
176,852,2
695,716,3
695,847,9
695,926,9
814,347,1
143,347,5
143,476,8
143,890,6
143,176,1
347,764,5
347,647,1
206,312,8
206,454,2
206,463,4
206,470,6
206,807,10
206,961,1
647,950,7
647,730,1
145,146,7
145,173,4
145,342,2
145,479,6
145,730,1
145,762,7
145,143,1
342,358,8
342,633,5
479,610,9
479,819,10
479,863,9
479,910,10
730,797,3
730,919,4
730,749,1
283,594,4
283,909,2
283,145,1
320,434,4
320,447,8
320,689,5
320,831,6
320,846,1
320,992,6
480,566,2
480,570,3
480,576,6
480,610,10
480,744,9
480,795,5
749,149,1
494,718,5
385,443,3
385,533,1
385,732,5
385,778,4
385,944,7
149,150,4
149,178,7
149,431,9
149,903,1
903,947,1
152,226,5
152,260,3
152,359,3
152,465,1
152,947,3
152,955,7
152,991,4
226,231,3
226,293,4
226,372,10
226,569,10
226,762,9
226,777,7
359,378,6
359,804,10
465,503,3
465,515,2
465,585,10
465,705,5
947,991,1
991,809,1
153,467,4
153,491,3
153,680,3
153,809,9
153,952,6
153,974,5
153,226,1
467,512,5
467,536,7
467,670,2
467,816,6
467,943,2
467,50,1
491,523,3
491,548,4
491,981,5
491,993,5
809,974,1
974,481,1
436,487,7
436,561,3
436,721,6
481,814,4
481,654,1
654,969,5
654,353,1
216,229,8
216,423,7
216,591,10
216,768,8
216,802,4
353,991,5
353,998,9
353,975,1
156,195,3
156,302,8
156,399,5
156,781,7
156,975,3
156,153,1
302,324,3
302,328,3
302,531,1
302,567,9
302,725,7
975,448,1
449,597,2
449,752,5
449,931,2
448,534,1
533,640,9
534,545,4
534,661,3
534,803,1
803,967,4
803,413,1
881,915,3
881,173,1
161,413,5
161,806,10
161,896,3
161,938,9
161,156,1
413,507,9
413,620,3
413,900,1
780,783,1
780,859,1
780,919,3
780,929,10
780,113,1
900,935,1
935,584,1
163,348,7
163,375,1
163,584,3
163,639,9
163,710,9
163,161,1
584,675,1
584,194,1
710,752,7
710,760,9
710,879,10
710,40,1
194,769,1
587,876,7
587,90,1
616,713,3
616,720,8
616,879,9
769,969,5
769,805,1
805,952,1
805,602,1
261,277,2
261,357,4
261,359,7
261,369,5
261,664,2
261,857,8
261,984,1
296,300,8
296,375,3
296,723,10
296,797,10
296,798,6
428,574,4
428,858,6
602,642,5
602,662,8
602,633,1
633,857,1
720,797,5
720,839,5
720,192,1
742,921,3
742,163,1
857,591,1
591,999,6
591,169,1
736,856,5
169,641,8
169,828,8
169,925,8
169,340,1
340,360,6
340,613,10
340,823,1
340,863,10
340,920,9
340,939,6
340,957,1
461,660,4
461,698,5
461,990,6
957,993,1
993,790,1
790,699,1
469,785,5
469,994,9
469,64,1
287,750,6
287,854,7
287,972,4
996,426,1
386,858,3
386,929,4
699,373,1
175,196,10
175,217,3
175,317,1
175,363,8
175,403,7
217,301,10
217,650,2
217,777,2
217,742,1
403,499,3
403,650,1
403,911,5
403,919,8
403,942,9
373,664,2
373,942,2
373,852,1
555,602,1
555,889,5
555,914,1
555,141,1
852,177,1
177,404,4
177,692,10
177,809,4
177,841,1
177,866,1
177,313,1
303,472,1
303,507,7
313,678,4
313,850,10
313,740,1
740,345,1
926,969,5
345,388,6
345,939,5
345,969,4
345,825,1
825,982,3
825,221,1
221,384,2
221,480,7
221,588,10
221,878,1
662,812,8
662,815,10
878,887,1
887,869,1
869,495,1
495,707,1
560,570,3
560,737,6
184,707,6
184,175,1
707,801,2
707,551,1
185,551,5
185,941,2
185,184,1
551,575,1
551,820,4
551,941,1
941,381,1
691,915,9
691,977,2
691,31,1
759,911,1
759,415,1
381,651,1
381,624,1
624,188,1
188,233,9
188,247,3
188,303,5
188,433,7
188,577,1
189,269,5
189,577,9
189,755,4
189,858,4
269,487,2
269,663,8
269,712,6
269,724,1
269,776,8
269,185,1
577,208,1
432,449,5
432,452,5
432,462,8
432,788,10
191,245,8
191,298,10
245,363,10
245,385,1
245,680,10
245,775,7
245,189,1
208,357,9
208,363,2
208,373,6
208,575,8
208,823,4
208,259,1
259,686,4
259,913,4
259,923,1
669,835,2
923,503,1
477,622,5
477,674,1
477,708,8
477,750,1
503,638,9
503,902,1
902,198,1
198,357,1
198,424,5
198,573,7
198,637,9
198,761,2
198,925,8
198,855,1
855,727,1
727,666,1
201,313,9
201,366,6
201,369,4
201,381,9
201,411,5
201,644,9
201,666,2
201,684,2
201,781,9
201,901,3
369,510,4
644,783,7
644,915,1
644,943,2
666,688,1
901,949,5
571,600,10
571,960,9
571,28,1
688,695,1
688,722,8
688,976,1
856,876,5
856,473,1
203,227,1
203,254,4
203,858,9
203,963,5
203,976,3
203,201,1
976,288,1
205,288,10
205,691,7
205,950,4
205,984,9
205,993,2
205,203,1
288,507,6
288,519,7
288,554,4
288,824,3
288,463,1
463,865,7
463,910,6
463,211,1
470,782,10
470,959,4
470,53,1
575,726,8
575,784,5
575,826,10
575,988,5
575,68,1
209,242,2
209,373,6
242,443,2
242,492,10
242,503,7
242,595,1
242,205,1
402,540,9
402,750,10
402,776,5
402,78,1
417,518,3
417,582,2
417,839,7
417,974,10
417,75,1
211,485,6
211,557,6
211,986,3
211,394,1
557,676,10
557,737,9
557,893,6
557,399,1
708,950,5
708,964,4
708,34,1
213,353,5
213,394,4
213,515,9
213,571,1
213,611,6
213,209,1
394,509,6
394,597,7
394,618,5
394,680,7
394,611,1
515,524,2
515,527,5
515,625,2
515,667,8
515,700,6
515,955,7
611,807,7
611,539,1
224,311,5
224,316,2
224,410,1
224,496,1
224,535,9
224,651,9
224,803,9
539,640,10
539,653,8
539,800,1
539,301,1
301,455,4
301,473,9
301,571,9
301,680,2
301,950,8
301,956,6
301,712,1
631,681,6
631,950,2
649,677,4
649,8,1
712,778,8
712,850,8
712,904,9
712,543,1
219,360,10
219,543,9
219,582,9
219,213,1
543,794,9
543,526,1
222,231,4
222,352,3
222,441,8
222,526,7
222,654,2
222,680,9
222,746,6
222,992,9
222,219,1
526,648,10
526,723,10
526,998,3
526,370,1
223,275,8
223,357,4
223,364,5
223,370,4
223,494,2
223,689,1
223,907,3
223,917,9
364,379,9
364,422,7
364,687,3
364,791,8
364,886,1
364,222,1
370,593,4
370,681,9
370,762,7
370,917,1
917,410,1
311,448,7
311,512,5
311,833,5
311,859,5
311,223,1
410,807,10
410,954,1
569,633,1
569,962,7
569,152,1
795,976,7
795,832,1
954,970,8
954,435,1
435,699,8
435,923,6
435,676,1
676,819,10
676,926,10
676,367,1
843,909,6
843,453,1
310,342,10
310,545,4
813,848,3
813,356,1
236,367,8
236,825,6
236,986,7
236,311,1
367,516,7
367,550,6
367,589,1
367,738,3
367,846,5
367,976,10
367,607,1
607,681,3
607,565,1
679,731,3
679,924,7
679,933,4
238,565,7
238,628,5
238,838,1
238,993,4
238,236,1
565,740,10
565,784,9
565,445,1
445,567,1
445,704,10
445,998,1
445,240,1
845,877,8
845,884,8
845,459,1
240,350,5
240,270,1
270,531,3
270,587,4
270,783,10
270,810,3
270,900,4
270,928,9
270,595,1
376,415,10
376,574,9
376,779,10
376,238,1
442,567,2
442,645,3
442,921,2
442,960,6
595,810,8
595,938,7
595,979,2
595,775,1
268,390,8
268,675,8
305,325,6
305,473,3
305,646,10
305,670,4
305,814,5
305,907,7
305,93,1
775,474,1
255,365,7
255,457,7
255,502,3
255,541,9
255,982,8
474,486,5
474,818,9
474,866,7
474,919,4
474,883,1
883,659,1
659,365,1
248,365,3
248,439,2
248,590,1
248,376,1
365,605,1
365,625,2
365,778,7
365,439,1
439,496,6
439,787,9
439,859,1
859,540,1
457,738,2
457,748,5
457,832,1
457,868,10
502,627,8
502,504,1
458,473,7
458,612,3
458,876,8
458,970,6
540,679,1
540,977,1
566,873,2
566,248,1
484,516,3
484,664,9
484,765,8
484,845,2
745,803,1
745,890,8
745,109,1
686,931,5
686,932,8
686,963,8
686,608,1
338,639,3
338,663,1
338,741,5
338,902,7
277,382,2
277,704,4
277,795,7
277,829,3
277,866,10
277,886,1
277,566,1
262,493,8
262,803,3
262,977,5
262,277,1
977,264,1
264,606,9
264,888,2
264,848,1
265,397,7
265,584,4
265,848,10
265,962,5
265,262,1
397,466,6
397,596,5
397,859,8
397,863,1
397,939,4
397,738,1
848,266,1
266,288,8
266,467,6
266,541,9
266,729,1
266,953,1
754,763,4
754,910,10
953,487,1
390,724,4
390,732,10
390,734,1
675,991,1
675,49,1
487,518,10
487,593,4
487,724,1
663,740,7
663,893,7
663,987,2
663,401,1
724,860,5
724,273,1
776,811,8
776,850,1
783,794,5
783,899,4
783,36,1
331,368,2
331,725,9
395,495,4
395,676,3
395,906,2
273,497,7
273,872,3
273,339,1
319,432,7
319,583,3
319,917,2
339,624,6
339,715,1
339,886,1
886,949,2
886,278,1
278,366,6
278,536,7
278,865,3
278,949,5
278,391,1
646,928,8
646,998,10
646,131,1
280,386,9
280,391,3
280,704,5
280,799,4
280,816,4
280,841,4
280,944,5
280,265,1
391,465,2
391,799,1
799,818,2
799,880,1
799,281,1
816,842,5
816,878,9
816,880,7
816,959,3
816,995,4
816,25,1
281,526,7
281,788,10
281,594,1
910,980,10
910,837,1
594,599,10
594,284,1
284,490,9
284,854,1
750,889,5
854,972,1
972,908,1
507,790,2
507,289,1
519,677,6
519,842,9
519,202,1
554,561,5
437,942,7
437,58,1
801,834,1
801,42,1
908,732,1
732,798,1
294,345,3
294,493,9
294,579,1
294,683,2
294,992,5
683,857,8
683,988,2
683,280,1
948,955,3
798,872,3
798,600,1
600,750,3
600,601,1
601,960,8
601,299,1
299,349,3
299,480,8
299,720,4
299,769,6
299,900,6
299,668,1
638,660,1
638,752,2
638,851,10
638,966,9
638,111,1
668,884,5
668,967,1
668,328,1
328,416,5
328,437,2
328,519,7
328,698,5
328,838,6
328,846,5
328,969,6
328,307,1
567,605,9
567,922,8
472,793,10
472,982,10
472,294,1
329,532,3
329,655,1
329,676,9
329,97,1
307,516,2
307,629,3
307,633,10
307,922,1
307,833,1
922,980,5
922,21,1
833,981,3
833,585,1
351,441,10
351,554,8
351,936,1
368,502,9
368,964,6
850,864,4
850,349,1
318,396,1
318,585,10
318,900,10
580,703,10
580,786,6
580,910,6
585,583,1
583,604,1
447,581,2
447,594,3
421,737,6
421,951,1
421,472,1
604,620,9
604,332,1
332,628,10
332,796,2
332,797,4
332,849,2
332,988,1
326,988,7
326,421,1
988,924,1
924,655,1
698,777,6
698,924,8
969,998,5
969,808,1
655,689,1
655,750,9
655,759,6
655,330,1
330,462,5
330,587,6
330,608,6
330,648,5
330,654,9
330,336,1
796,915,3
796,48,1
612,662,2
612,708,8
612,811,4
336,338,6
336,479,8
336,562,8
336,944,7
336,337,1
337,365,8
337,410,2
337,510,9
337,513,3
337,546,5
337,687,6
337,902,9
337,876,1
510,833,1
510,834,3
510,965,6
510,979,1
510,191,1
613,754,1
613,760,7
613,781,2
613,876,10
613,898,8
876,354,1
419,882,9
419,326,1
346,557,3
346,588,9
346,619,6
346,643,10
643,996,3
643,419,1
764,808,5
764,854,10
764,980,6
764,558,1
970,979,1
970,89,1
621,648,3
621,741,5
621,51,1
758,931,1
758,37,1
354,424,2
354,641,3
354,702,2
354,743,3
354,802,2
354,979,7
354,627,1
615,756,2
918,973,6
918,346,1
378,492,6
378,497,3
378,591,2
378,804,1
804,900,6
804,283,1
505,981,6
505,193,1
904,965,3
904,272,1
627,796,6
627,808,3
627,793,1
793,898,2
793,931,1
931,937,1
937,779,1
779,826,8
779,409,1
409,929,1
482,621,7
482,654,2
446,517,9
446,690,3
446,879,8
862,995,2
862,341,1
929,598,1
597,854,8
597,127,1
906,925,8
906,6,1
598,652,4
598,882,1
882,596,1
596,752,9
596,716,1
398,578,2
398,716,8
398,753,8
398,846,3
398,937,1
398,918,1
716,559,1
400,487,1
400,559,2
400,618,5
400,675,1
400,814,5
400,919,5
400,398,1
559,668,8
559,843,6
559,748,1
748,420,1
499,547,5
499,641,9
499,887,5
499,898,1
499,948,3
499,961,10
499,620,1
420,519,2
420,907,4
420,950,10
420,836,1
406,407,7
406,522,2
407,718,3
407,836,6
407,400,1
836,408,1
408,519,2
408,983,1
983,414,1
414,635,5
414,650,2
414,817,1
817,471,1
418,471,3
418,518,3
418,638,6
418,722,6
418,406,1
471,527,5
471,887,9
471,990,6
471,951,1
951,630,1
630,635,10
630,854,5
630,429,1
426,430,4
426,637,7
426,699,7
430,806,5
430,996,9
430,418,1
450,812,6
450,835,3
450,858,1
450,937,8
450,60,1
429,669,10
429,762,10
429,814,9
429,818,9
429,438,1
889,961,8
889,3,1
438,785,1
438,826,3
438,985,6
438,440,1
440,660,6
440,808,5
440,948,4
440,921,1
661,879,10
661,898,7
661,241,1
921,960,6
921,444,1
444,491,2
444,950,7
444,952,9
444,812,1
517,645,9
517,730,9
517,911,8
517,998,6
581,587,4
581,619,2
581,912,10
812,846,10
812,945,1
945,468,1
705,804,7
514,678,7
514,775,3
514,776,6
468,714,4
468,994,1
994,959,1
959,667,1
667,715,8
667,674,1
674,706,4
674,894,2
674,960,10
674,488,1
570,984,10
570,737,1
488,673,7
488,916,6
488,834,1
822,904,2
834,498,1
958,972,1
958,1,1
498,539,1
498,826,6
498,967,10
498,547,1
547,873,1
873,880,5
873,978,1
978,506,1
506,644,6
506,817,3
506,946,9
506,511,1
511,649,7
511,771,1
877,958,8
773,778,9
773,996,7
771,919,9
771,893,1
586,587,2
586,609,4
586,945,1
893,592,1
563,728,10
563,512,1
703,717,10
703,788,5
703,791,6
703,861,10
703,864,7
703,937,8
703,941,7
703,71,1
592,833,8
592,966,1
966,760,1
760,796,4
760,995,1
995,989,1
989,861,1
815,818,3
815,847,1
861,709,1
709,804,1
709,874,10
709,966,2
709,899,1
899,940,1
940,767,1
767,919,9
767,973,1
973,996,1
